[(0, (0.0, (-15.0, 0.0)))]
[(1, (0.0, (-15.0, 0.4000000000000001)))]
[(1, (0.0, (-15.0, 0.0)))]
[(1, (0.0, (-274.0, 0.0)))]
[(0, (0.0, (-274.0, 0.0))), (0, (0.0, (-274.0, 0.2)))]
[(0, (0.0, (-274.0, 0.0))), (0, (0.0, (-15.0, 0.2)))]
[(0, (0.0, (-274.0, 0.0))), (1, (0.0, (-274.0, 0.2)))]
[(0, (0.0, (-274.0, 0.0))), (1, (0.0, (-15.0, 0.2)))]
[(0, (0.0, (-274.0, 0.0))), (0, (0.0, (-9.999999999999998, 0.2)))]
[(0, (0.0, (-274.0, 0.0))), (1, (0.0, (-9.999999999999998, 0.2)))]
[(1, (0.0, (-9.999999999999998, 0.4000000000000001)))]
[(1, (0.0, (-15.0, 0.4000000000000001))), (1, (0.0, (-274.0, 0.3)))]
[(1, (0.0, (-15.0, 0.4000000000000001))), (1, (0.0, (-15.0, 0.3)))]
[(1, (0.0, (-15.0, 0.4000000000000001))), (1, (0.0, (-9.999999999999998, 0.3)))]
[(1, (0.0, (-15.0, 0.4000000000000001))), (1, (0.0, (10.000000000000002, 0.3)))]
[(1, (0.0, (10.000000000000002, 0.4000000000000001)))]
[(1, (0.0, (-15.0, 0.4000000000000001))), (1, (0.0, (10.000000000000002, 0.0)))]
[(1, (0.0, (-15.0, 0.4000000000000001))), (1, (0.0, (10.000000000000002, 0.3))), (0, (0.0, (-274.0, 0.0))), (0, (0.1, (-274.0, 0.0)))]
[(0, (0.1, (-15.0, 0.0)))]
[(0, (0.0, (-274.0, 0.0))), (0, (0.1, (-274.0, 0.2)))]
[(0, (0.0, (-274.0, 0.0))), (0, (0.1, (-15.0, 0.2)))]
[(0, (0.0, (-274.0, 0.0))), (0, (0.1, (-9.999999999999998, 0.2)))]
[(1, (0.0, (-15.0, 0.4000000000000001))), (1, (0.0, (10.000000000000002, 0.3))), (0, (0.0, (-274.0, 0.0))), (1, (0.1, (-274.0, 0.0)))]
[(1, (0.1, (-15.0, 0.0)))]
[(1, (0.1, (-15.0, 0.4000000000000001)))]
[(0, (0.0, (-274.0, 0.0))), (1, (0.1, (-274.0, 0.2)))]
[(0, (0.0, (-274.0, 0.0))), (1, (0.1, (-15.0, 0.2)))]
[(0, (0.0, (-274.0, 0.0))), (1, (0.1, (-9.999999999999998, 0.2)))]
[(1, (0.1, (-9.999999999999998, 0.4000000000000001)))]
[(1, (0.0, (-15.0, 0.4000000000000001))), (1, (0.1, (-274.0, 0.3)))]
[(1, (0.0, (-15.0, 0.4000000000000001))), (1, (0.1, (-15.0, 0.3)))]
[(1, (0.0, (-15.0, 0.4000000000000001))), (1, (0.1, (-9.999999999999998, 0.3)))]
[(1, (0.0, (-15.0, 0.4000000000000001))), (1, (0.1, (10.000000000000002, 0.3)))]
[(1, (0.1, (10.000000000000002, 0.4000000000000001)))]
[(1, (0.0, (-15.0, 0.4000000000000001))), (1, (0.1, (10.000000000000002, 0.0)))]
