[(0.0, 10.000000000000002), (0.0, 10.0), (0.0, 10.0)]
[(35.0, 10.000000000000002), (0.0, 10.0), (0.0, 10.0)]
[(0.0, 10.000000000000002), (0.0, 10.0), (35.0, 15.0)]
[(35.0, 15.000000000000002), (0.0, 10.0), (0.0, 10.0)]
[(50.0, 15.000000000000002), (0.0, 10.0), (0.0, 10.0)]
[(0.0, 10.000000000000002), (50.0, 23.0), (0.0, 10.000000000000002)]
[(50.0, 23.000000000000004), (0.0, 10.0), (0.0, 10.0)]
[(90.0, 23.000000000000004), (0.0, 10.0), (0.0, 10.0)]
[(90.0, 40.00000000000001), (0.0, 10.0), (0.0, 10.0)]
[(0.0, 10.000000000000002), (0.0, 10.0), (90.0, 40.0)]
[(0.0, 10.000000000000002), (0.0, 10.0), (0.0, 10.0), (0.0, 0.0), (0.0, 0.0), (0.0, 0.0)]
[(0.0, 10.000000000000002), (0.0, 10.0), (0.0, 10.0), (35.0, 0.0), (35.0, 0.0), (35.0, 0.0)]
[(0.0, 10.000000000000002), (0.0, 10.0), (0.0, 10.0), (50.0, 0.0), (50.0, 0.0), (50.0, 0.0)]
[(0.0, 10.000000000000002), (0.0, 10.0), (0.0, 10.0), (0.0, 0.0), (0.0, 5.000000000000001), (0.0, 0.0)]
[(0.0, 10.000000000000002), (0.0, 10.0), (0.0, 10.0), (0.0, 0.0), (35.0, 5.000000000000001), (0.0, 0.0)]
[(0.0, 10.000000000000002), (0.0, 10.0), (0.0, 10.0), (0.0, 0.0), (50.0, 5.000000000000001), (0.0, 0.0)]
[(0.0, 10.000000000000002), (0.0, 10.0), (0.0, 10.0), (0.0, 0.0), (90.0, 30.000000000000004), (0.0, 0.0)]
[(0.0, 10.000000000000002), (0.0, 10.0), (0.0, 10.0), (0.0, 5.0), (0.0, 0.0), (0.0, 0.0)]
[(0.0, 10.000000000000002), (0.0, 10.0), (0.0, 10.0), (35.0, 5.0), (0.0, 0.0), (0.0, 0.0)]
[(0.0, 10.000000000000002), (0.0, 10.0), (0.0, 10.0), (50.0, 5.0), (0.0, 0.0), (0.0, 0.0)]
[(0.0, 10.000000000000002), (0.0, 10.0), (0.0, 10.0), (90.0, 30.0), (0.0, 0.0), (0.0, 0.0)]
[(0.0, 10.000000000000002), (0.0, 10.0), (0.0, 10.0), (0.0, 30.000000000000004), (0.0, 30.0), (0.0, 30.0)]
[(0.0, 10.000000000000002), (0.0, 10.0), (0.0, 10.0), (0.0, 30.000000000000004), (35.0, 30.0), (0.0, 30.000000000000004)]
[(0.0, 10.000000000000002), (0.0, 10.0), (0.0, 10.0), (35.0, 30.000000000000004), (0.0, 30.0), (0.0, 30.0)]
[(0.0, 10.000000000000002), (0.0, 10.0), (0.0, 10.0), (0.0, 30.000000000000004), (0.0, 30.0), (50.0, 41.0)]
[(0.0, 10.000000000000002), (0.0, 10.0), (0.0, 10.0), (50.0, 41.00000000000001), (0.0, 30.0), (0.0, 30.0)]
[(0.0, 10.000000000000002), (0.0, 10.0), (0.0, 10.0), (0.0, 30.000000000000004), (90.0, 70.0), (0.0, 30.000000000000004)]
[(0.0, 10.000000000000002), (0.0, 10.0), (0.0, 10.0), (90.0, 70.00000000000001), (0.0, 30.0), (0.0, 30.0)]
[(0.0, 10.000000000000002), (0.0, 10.0), (0.0, 10.0), (0.0, 30.000000000000004), (0.0, 30.0), (0.0, 30.0), (0.0, 20.0), (0.0, 20.0), (0.0, 20.0)]
[(0.0, 10.000000000000002), (0.0, 10.0), (0.0, 10.0), (0.0, 30.000000000000004), (0.0, 30.0), (0.0, 30.0), (35.0, 20.0), (0.0, 20.0), (0.0, 20.0)]
[(0.0, 10.000000000000002), (0.0, 10.0), (0.0, 10.0), (0.0, 30.000000000000004), (0.0, 30.0), (0.0, 30.0), (50.0, 30.0), (0.0, 20.0), (0.0, 20.0)]
[(0.0, 10.000000000000002), (0.0, 10.0), (0.0, 10.0), (0.0, 30.000000000000004), (0.0, 30.0), (0.0, 30.0), (90.0, 50.0), (0.0, 20.0), (0.0, 20.0)]
[(0.0, 10.000000000000002), (0.0, 10.0), (0.0, 10.0), (0.0, 30.000000000000004), (0.0, 30.0), (0.0, 30.0), (40.0, 20.0), (0.0, 20.0), (0.0, 20.0)]
[(40.0, 0.0), (0.0, 10.0), (0.0, 10.0)]
[(40.0, 15.000000000000002), (0.0, 10.0), (0.0, 10.0)]
[(0.0, 10.000000000000002), (0.0, 10.0), (40.0, 15.0)]
[(0.0, 10.000000000000002), (0.0, 10.0), (0.0, 10.0), (0.0, 0.0), (40.0, 5.000000000000001), (0.0, 0.0)]
[(0.0, 10.000000000000002), (0.0, 10.0), (0.0, 10.0), (40.0, 5.0), (0.0, 0.0), (0.0, 0.0)]
[(0.0, 10.000000000000002), (0.0, 10.0), (0.0, 10.0), (0.0, 30.000000000000004), (40.0, 30.0), (0.0, 30.000000000000004)]
[(0.0, 10.000000000000002), (0.0, 10.0), (0.0, 10.0), (40.0, 30.000000000000004), (0.0, 30.000000000000004), (0.0, 30.0)]
[(0.0, 10.000000000000002), (0.0, 10.0), (0.0, 10.0), (0.0, 30.000000000000004), (0.0, 30.0), (0.0, 30.0), (40.0, 25.0), (0.0, 20.0), (0.0, 20.0)]
[(0.0, 10.000000000000002), (0.0, 10.0), (0.0, 10.0), (0.0, 30.000000000000004), (0.0, 30.0), (0.0, 30.0), (0.0, 0.0), (0.0, 20.000000000000004), (0.0, 20.0)]
[(0.0, 10.000000000000002), (0.0, 10.0), (0.0, 10.0), (0.0, 30.000000000000004), (0.0, 30.0), (0.0, 30.0), (0.0, 0.0), (35.0, 20.000000000000004), (0.0, 20.0)]
[(0.0, 10.000000000000002), (0.0, 10.0), (0.0, 10.0), (0.0, 30.000000000000004), (0.0, 30.0), (0.0, 30.0), (0.0, 0.0), (40.0, 25.000000000000004), (0.0, 20.0)]
[(0.0, 10.000000000000002), (0.0, 10.0), (0.0, 10.0), (0.0, 30.000000000000004), (0.0, 30.0), (0.0, 30.0), (0.0, 0.0), (50.0, 30.000000000000004), (0.0, 20.0)]
[(0.0, 10.000000000000002), (0.0, 10.0), (0.0, 10.0), (0.0, 30.000000000000004), (0.0, 30.0), (0.0, 30.0), (0.0, 0.0), (90.0, 50.00000000000001), (0.0, 20.0)]
[(0.0, 10.000000000000002), (0.0, 10.0), (0.0, 10.0), (0.0, 30.000000000000004), (0.0, 30.0), (0.0, 30.0), (0.0, 50.00000000000001), (0.0, 50.0), (0.0, 50.0)]
[(0.0, 10.000000000000002), (0.0, 10.0), (0.0, 10.0), (0.0, 30.000000000000004), (0.0, 30.0), (0.0, 30.0), (35.0, 50.00000000000001), (0.0, 50.0), (0.0, 50.0)]
[(0.0, 10.000000000000002), (0.0, 10.0), (0.0, 10.0), (0.0, 30.000000000000004), (0.0, 30.0), (0.0, 30.0), (0.0, 50.00000000000001), (0.0, 50.0), (35.0, 50.0)]
[(0.0, 10.000000000000002), (0.0, 10.0), (0.0, 10.0), (0.0, 30.000000000000004), (0.0, 30.0), (0.0, 30.0), (0.0, 50.00000000000001), (40.0, 50.0), (0.0, 50.00000000000001)]
[(0.0, 10.000000000000002), (0.0, 10.0), (0.0, 10.0), (0.0, 30.000000000000004), (0.0, 30.0), (0.0, 30.0), (40.0, 50.00000000000001), (0.0, 50.0), (0.0, 50.0)]
[(0.0, 10.000000000000002), (0.0, 10.0), (0.0, 10.0), (0.0, 30.000000000000004), (0.0, 30.0), (0.0, 30.0), (0.0, 50.00000000000001), (50.0, 60.0), (0.0, 50.00000000000001)]
[(0.0, 10.000000000000002), (0.0, 10.0), (0.0, 10.0), (0.0, 30.000000000000004), (0.0, 30.0), (0.0, 30.0), (0.0, 50.00000000000001), (90.0, 100.0), (0.0, 50.00000000000001)]
[(0.0, 10.000000000000002), (0.0, 10.0), (0.0, 10.0), (0.0, 30.000000000000004), (0.0, 30.0), (0.0, 30.0), (50.0, 60.00000000000001), (0.0, 50.00000000000001), (0.0, 50.0)]
[(0.0, 10.000000000000002), (0.0, 10.0), (0.0, 10.0), (0.0, 30.000000000000004), (0.0, 30.0), (0.0, 30.0), (90.0, 100.00000000000001), (0.0, 50.00000000000001), (0.0, 50.0)]
[(0.0, 10.000000000000002), (0.0, 10.0), (0.0, 10.0), (0.0, 30.000000000000004), (0.0, 30.0), (0.0, 30.0), (0.0, 50.00000000000001), (0.0, 50.0), (0.0, 50.0), (0.0, 35.0), (0.0, 35.0), (0.0, 35.0)]
[(0.0, 10.000000000000002), (0.0, 10.0), (0.0, 10.0), (0.0, 30.000000000000004), (0.0, 30.0), (0.0, 30.0), (0.0, 50.00000000000001), (0.0, 50.0), (0.0, 50.0), (35.0, 35.0), (0.0, 35.0), (0.0, 35.0)]
[(0.0, 10.000000000000002), (0.0, 10.0), (0.0, 10.0), (0.0, 30.000000000000004), (0.0, 30.0), (0.0, 30.0), (0.0, 50.00000000000001), (0.0, 50.0), (0.0, 50.0), (40.0, 40.0), (0.0, 35.0), (0.0, 35.0)]
[(0.0, 10.000000000000002), (0.0, 10.0), (0.0, 10.0), (0.0, 30.000000000000004), (0.0, 30.0), (0.0, 30.0), (0.0, 50.00000000000001), (0.0, 50.0), (0.0, 50.0), (50.0, 50.0), (0.0, 35.0), (0.0, 35.0)]
[(0.0, 10.000000000000002), (0.0, 10.0), (0.0, 10.0), (0.0, 30.000000000000004), (0.0, 30.0), (0.0, 30.0), (0.0, 50.00000000000001), (0.0, 50.0), (0.0, 50.0), (90.0, 80.0), (0.0, 35.0), (0.0, 35.0)]
[(0.0, 10.000000000000002), (0.0, 10.0), (0.0, 10.0), (0.0, 30.000000000000004), (0.0, 30.0), (0.0, 30.0), (0.0, 50.00000000000001), (0.0, 50.0), (0.0, 50.0), (0.0, 0.0), (0.0, 35.00000000000001), (0.0, 35.0)]
[(0.0, 10.000000000000002), (0.0, 10.0), (0.0, 10.0), (0.0, 30.000000000000004), (0.0, 30.0), (0.0, 30.0), (0.0, 50.00000000000001), (0.0, 50.0), (0.0, 50.0), (0.0, 0.0), (35.0, 35.00000000000001), (0.0, 35.0)]
[(0.0, 10.000000000000002), (0.0, 10.0), (0.0, 10.0), (0.0, 30.000000000000004), (0.0, 30.0), (0.0, 30.0), (0.0, 50.00000000000001), (0.0, 50.0), (0.0, 50.0), (0.0, 0.0), (40.0, 40.00000000000001), (0.0, 35.0)]
[(0.0, 10.000000000000002), (0.0, 10.0), (0.0, 10.0), (0.0, 30.000000000000004), (0.0, 30.0), (0.0, 30.0), (0.0, 50.00000000000001), (0.0, 50.0), (0.0, 50.0), (0.0, 0.0), (50.0, 50.00000000000001), (0.0, 35.0)]
[(0.0, 10.000000000000002), (0.0, 10.0), (0.0, 10.0), (0.0, 30.000000000000004), (0.0, 30.0), (0.0, 30.0), (0.0, 50.00000000000001), (0.0, 50.0), (0.0, 50.0), (0.0, 0.0), (90.0, 80.00000000000001), (0.0, 35.0)]
